200
-0.0161804 1 12 16.0926 -1 
0.0109058 1 12 16.0926 1 
0.00687922 1 14 0.574057 -1 
-0.00798899 1 14 0.574057 1 
-0.00445508 1 12 13.6495 -1 
0.00568493 1 12 13.6495 1 
0.00286493 1 5 1.49635 1 
-0.00808874 1 5 1.49635 -1 
0.00304059 1 5 3.51257 -1 
-0.00737807 1 5 3.51257 1 
-0.00364404 1 14 0.467583 1 
0.00378333 1 14 0.467583 -1 
-0.00222696 1 1 15.5 -1 
0.00645868 1 1 15.5 1 
-0.00361006 1 2 0.0578608 1 
0.0063455 1 2 0.0578608 -1 
0.00224083 1 5 1.49635 1 
-0.00571663 1 5 1.49635 -1 
-0.00290015 1 4 0.263983 1 
0.00331601 1 4 0.263983 -1 
-0.00261071 1 1 10.5 -1 
0.00460667 1 1 10.5 1 
0.00338486 1 2 0.0789085 -1 
-0.00456447 1 2 0.0789085 1 
0.00233484 1 11 0.00873877 1 
-0.0026309 1 11 0.00873877 -1 
-0.00199188 1 7 0.990638 -1 
0.0036715 1 7 0.990638 1 
-0.00258555 1 1 5.5 -1 
0.0027887 1 1 5.5 1 
-0.00185139 1 3 0.0382543 1 
0.00688722 1 3 0.0382543 -1 
-0.00204422 1 11 0.0137298 -1 
0.00350247 1 11 0.0137298 1 
-0.00145395 1 12 22.659 -1 
0.00718547 1 12 22.659 1 
0.0021027 1 14 6.19167 -1 
-0.00754056 1 14 6.19167 1 
0.00164203 1 5 3.89354 -1 
-0.00386471 1 5 3.89354 1 
-0.00192769 1 4 1.52577 -1 
0.00598785 1 4 1.52577 1 
0.00201942 1 4 0.23911 -1 
-0.00271053 1 4 0.23911 1 
-0.00214779 1 12 13.6495 -1 
0.00299441 1 12 13.6495 1 
-0.0019172 1 14 0.394505 1 
0.00391309 1 14 0.394505 -1 
-0.00277783 1 1 5.5 -1 
0.0034762 1 1 5.5 1 
-0.0019418 1 10 0.114508 1 
0.0053497 1 10 0.114508 -1 
0.00155165 1 10 0.14935 1 
-0.0024862 1 10 0.14935 -1 
0.00143078 1 2 0.187711 -1 
-0.112124 1 2 0.187711 1 
-0.00157082 1 1 12.5 -1 
0.0194038 1 1 12.5 1 
0.0031846 1 4 0.308815 -1 
-0.0112562 1 4 0.308815 1 
-0.0028855 1 7 0.992369 -1 
0.00360216 1 7 0.992369 1 
-0.00265317 1 1 4.5 -1 
0.00652211 1 1 4.5 1 
-0.00274865 1 10 0.103768 1 
0.00822153 1 10 0.103768 -1 
0.00291296 1 11 0.00846465 1 
-0.00418823 1 11 0.00846465 -1 
-0.00334425 1 14 0.394505 1 
0.00623568 1 14 0.394505 -1 
-0.00174143 1 1 8.5 -1 
0.0105078 1 1 8.5 1 
-0.00371557 1 7 0.974226 -1 
0.00373561 1 7 0.974226 1 
-0.00257139 1 11 0.0151961 -1 
0.00428788 1 11 0.0151961 1 
-0.00186469 1 2 0.0541663 1 
0.00581726 1 2 0.0541663 -1 
-0.00218551 1 1 4.5 -1 
0.00253471 1 1 4.5 1 
-0.00208021 1 7 0.965282 -1 
0.0025708 1 7 0.965282 1 
0.00215593 1 11 0.00633637 1 
-0.00385748 1 11 0.00633637 -1 
-0.0011932 1 1 17.5 -1 
0.0176339 1 1 17.5 1 
0.00262915 1 14 0.501006 -1 
-0.0102544 1 14 0.501006 1 
0.00250314 1 5 3.89354 -1 
-0.00659074 1 5 3.89354 1 
-0.00193425 1 2 0.0576239 1 
0.00237316 1 2 0.0576239 -1 
-0.00182006 1 1 7.5 -1 
0.0076337 1 1 7.5 1 
-0.00241485 1 7 0.992369 -1 
0.0029965 1 7 0.992369 1 
0.00195131 1 11 0.0065621 1 
-0.00272605 1 11 0.0065621 -1 
-0.0017498 1 2 0.0477787 1 
0.00894968 1 2 0.0477787 -1 
-0.0014672 1 11 0.0254181 -1 
0.0116289 1 11 0.0254181 1 
-0.00164134 1 1 19.5 -1 
0.0140563 1 1 19.5 1 
-0.00308446 1 14 0.394505 1 
0.00371589 1 14 0.394505 -1 
0.00223182 1 4 0.308815 -1 
-0.00552256 1 4 0.308815 1 
-0.00235312 1 1 3.5 -1 
0.00343311 1 1 3.5 1 
0.00222647 1 5 1.49635 1 
-0.00387877 1 5 1.49635 -1 
-0.00185469 1 2 0.0541663 1 
0.00603972 1 2 0.0541663 -1 
-0.00172804 1 7 0.999425 -1 
0.00392861 1 7 0.999425 1 
0.00210525 1 11 0.00652155 1 
-0.0039627 1 11 0.00652155 -1 
-0.00158405 1 1 8.5 -1 
0.00510683 1 1 8.5 1 
-0.00248013 1 7 0.974093 -1 
0.00346036 1 7 0.974093 1 
0.00183802 1 2 0.0757052 -1 
-0.0038148 1 2 0.0757052 1 
0.00256996 1 10 0.148326 1 
-0.00288656 1 10 0.148326 -1 
0.00118845 1 12 0.317526 1 
-0.111631 1 12 0.317526 -1 
-0.00166794 1 7 0.992369 -1 
0.00538337 1 7 0.992369 1 
-0.00256734 1 12 14.0585 -1 
0.00297354 1 12 14.0585 1 
-0.00169896 1 3 0.0382543 1 
0.00404594 1 3 0.0382543 -1 
0.00213439 1 5 1.51353 1 
-0.00285104 1 5 1.51353 -1 
-0.00173163 1 14 0.394505 1 
0.00411714 1 14 0.394505 -1 
-0.00193179 1 1 7.5 -1 
0.00420904 1 1 7.5 1 
0.00159953 1 14 0.559786 -1 
-0.00317621 1 14 0.559786 1 
0.00200833 1 1 3.5 1 
-0.0026223 1 1 3.5 -1 
-0.00146005 1 10 0.114508 1 
0.00405744 1 10 0.114508 -1 
0.00181499 1 11 0.0132223 1 
-0.00235198 1 11 0.0132223 -1 
-0.0012068 1 12 22.659 -1 
0.0087734 1 12 22.659 1 
-0.00166624 1 7 0.974093 -1 
0.00385153 1 7 0.974093 1 
-0.00118453 1 11 0.0254181 -1 
0.00983631 1 11 0.0254181 1 
-0.00133263 1 4 1.49451 -1 
0.00553745 1 4 1.49451 1 
0.00205196 1 4 0.308815 -1 
-0.00373716 1 4 0.308815 1 
-0.00143989 1 1 8.5 -1 
0.00275141 1 1 8.5 1 
-0.00169355 1 2 0.0541663 1 
0.00483839 1 2 0.0541663 -1 
0.00172652 1 4 0.118536 1 
-0.0028896 1 4 0.118536 -1 
0.00212529 1 14 0.5784 -1 
-0.00276522 1 14 0.5784 1 
-0.00187695 1 1 11.5 -1 
0.00336063 1 1 11.5 1 
-0.00148918 1 7 0.999422 -1 
0.0114619 1 7 0.999422 1 
0.00284591 1 12 13.6495 1 
-0.00287387 1 12 13.6495 -1 
0.00149354 1 5 1.49451 1 
-0.00298911 1 5 1.49451 -1 
0.00190578 1 5 3.50347 -1 
-0.00362581 1 5 3.50347 1 
-0.00201224 1 13 0.0531045 -1 
0.00201395 1 13 0.0531045 1 
-0.00121034 1 4 1.49451 -1 
0.00494126 1 4 1.49451 1 
0.00179889 1 4 0.263983 -1 
-0.0033109 1 4 0.263983 1 
0.00119565 1 13 0.474747 -1 
-0.0402484 1 13 0.474747 1 
-0.00186079 1 12 14.5542 -1 
0.00294682 1 12 14.5542 1 
0.00291583 1 14 0.523695 -1 
-0.00343228 1 14 0.523695 1 
0.00200212 1 5 1.49451 1 
-0.00322062 1 5 1.49451 -1 
-0.00216467 1 2 0.0588117 1 
0.00377636 1 2 0.0588117 -1 
-0.00241439 1 1 8.5 -1 
0.00414727 1 1 8.5 1 
0.0020554 1 2 0.0790462 -1 
-0.0026966 1 2 0.0790462 1 
-0.00219361 1 5 1.79334 -1 
0.00267326 1 5 1.79334 1 
0.00195003 1 4 0.276802 -1 
-0.0022464 1 4 0.276802 1 
