200
-0.0360634 1 14 0.414334 1 
0.00720964 1 14 0.414334 -1 
0.0151259 1 5 1.92141 1 
-0.048796 1 5 1.92141 -1 
0.014313 1 12 10.2926 1 
-0.0177057 1 12 10.2926 -1 
0.00791423 1 9 0.382506 -1 
-0.00989604 1 9 0.382506 1 
-0.00664855 1 5 2.74811 1 
0.0103589 1 5 2.74811 -1 
0.00456388 1 2 0.154478 -1 
-0.0231654 1 2 0.154478 1 
-0.0113253 1 1 7.5 -1 
0.0116455 1 1 7.5 1 
0.00518306 1 3 0.0674418 -1 
-0.00900228 1 3 0.0674418 1 
0.005955 1 14 0.413811 1 
-0.0148922 1 14 0.413811 -1 
-0.00559755 1 14 0.69079 1 
0.00571378 1 14 0.69079 -1 
-0.00495465 1 14 1.73462 -1 
0.0095369 1 14 1.73462 1 
0.00493516 1 14 0.700999 -1 
-0.00555154 1 14 0.700999 1 
0.00348667 1 9 0.000345267 1 
-0.00910363 1 9 0.000345267 -1 
-0.00258421 1 5 5.10647 -1 
0.0161115 1 5 5.10647 1 
-0.00358265 1 5 0.88192 1 
0.0108593 1 5 0.88192 -1 
0.00394785 1 13 -0.0049127 -1 
-0.00597008 1 13 -0.0049127 1 
-0.00386606 1 12 10.293 1 
0.00472693 1 12 10.293 -1 
-0.00391072 1 1 8.5 -1 
0.0049666 1 1 8.5 1 
0.005037 1 6 0.227607 -1 
-0.00857556 1 6 0.227607 1 
-0.00292563 1 4 1.88552 -1 
0.0172254 1 4 1.88552 1 
-0.00235928 1 2 0.0467221 1 
0.0153951 1 2 0.0467221 -1 
-0.00365524 1 1 8.5 -1 
0.00517386 1 1 8.5 1 
0.00353543 1 2 0.0890409 -1 
-0.00733914 1 2 0.0890409 1 
0.00286343 1 14 0.408966 1 
-0.006276 1 14 0.408966 -1 
-0.00402379 1 14 0.524085 1 
0.00412529 1 14 0.524085 -1 
-0.00337142 1 1 9.5 -1 
0.00552325 1 1 9.5 1 
0.00202607 1 6 0.586476 -1 
-0.0118577 1 6 0.586476 1 
-0.00419863 1 12 10.293 1 
0.004693 1 12 10.293 -1 
0.0027406 1 12 8.01403 1 
-0.00655925 1 12 8.01403 -1 
-0.00301125 1 5 3.07431 -1 
0.00510182 1 5 3.07431 1 
-0.00277562 1 7 0.987164 -1 
0.00965447 1 7 0.987164 1 
0.00232181 1 9 1.82538 -1 
-0.006443 1 9 1.82538 1 
0.00192058 1 14 0.367873 1 
-0.0145098 1 14 0.367873 -1 
-0.00231006 1 13 0.0334801 -1 
0.00506895 1 13 0.0334801 1 
-0.00276299 1 14 0.524085 1 
0.0029096 1 14 0.524085 -1 
-0.00230432 1 14 1.73462 -1 
0.00484428 1 14 1.73462 1 
0.00171216 1 6 0.586476 -1 
-0.0129891 1 6 0.586476 1 
-0.00244086 1 1 15.5 -1 
0.00920221 1 1 15.5 1 
0.00237433 1 2 0.0762235 -1 
-0.00447848 1 2 0.0762235 1 
0.00186 1 7 0.580196 1 
-0.00734442 1 7 0.580196 -1 
0.00308006 1 1 6.5 1 
-0.00411288 1 1 6.5 -1 
0.00163032 1 1 23.5 -1 
-0.0199627 1 1 23.5 1 
-0.00171927 1 1 15.5 -1 
0.00754775 1 1 15.5 1 
-0.0017992 1 2 0.0546124 1 
0.00590181 1 2 0.0546124 -1 
-0.00221654 1 5 3.07431 -1 
0.00325823 1 5 3.07431 1 
-0.00199529 1 7 0.962604 -1 
0.00427935 1 7 0.962604 1 
0.00204035 1 8 1.0808 -1 
-0.00407128 1 8 1.0808 1 
0.00162366 1 2 0.0890409 -1 
-0.00441413 1 2 0.0890409 1 
-0.00326122 1 6 0.165773 -1 
0.00339206 1 6 0.165773 1 
-0.00207594 1 5 2.77712 1 
0.00272264 1 5 2.77712 -1 
0.00161114 1 6 0.227607 -1 
-0.0038528 1 6 0.227607 1 
-0.00185837 1 1 9.5 -1 
0.00374242 1 1 9.5 1 
0.00222476 1 12 11.3372 -1 
-0.00224251 1 12 11.3372 1 
0.00127345 1 2 0.139493 -1 
-0.00725582 1 2 0.139493 1 
0.00230799 1 11 0.00930436 1 
-0.00314037 1 11 0.00930436 -1 
-0.00124126 1 6 0.0788967 1 
0.0162057 1 6 0.0788967 -1 
0.00280284 1 1 6.5 1 
-0.00363568 1 1 6.5 -1 
-0.00205149 1 5 3.29982 -1 
0.00346077 1 5 3.29982 1 
0.0020458 1 14 0.430381 1 
-0.00336444 1 14 0.430381 -1 
0.00292764 1 14 0.524085 -1 
-0.00314209 1 14 0.524085 1 
0.00193387 1 14 0.433313 1 
-0.00297155 1 14 0.433313 -1 
0.00171015 1 2 0.0739369 -1 
-0.00292075 1 2 0.0739369 1 
-0.00132194 1 1 16.5 -1 
0.00579674 1 1 16.5 1 
0.00123252 1 14 3.25582 -1 
-0.00838187 1 14 3.25582 1 
-0.00158633 1 14 1.73462 -1 
0.00399706 1 14 1.73462 1 
0.00176667 1 6 0.228483 -1 
-0.0043761 1 6 0.228483 1 
0.00109417 1 13 -0.332665 1 
-0.00871074 1 13 -0.332665 -1 
0.00253526 1 13 -0.0437098 -1 
-0.00254246 1 13 -0.0437098 1 
-0.0019522 1 7 0.901123 -1 
0.00225994 1 7 0.901123 1 
-0.00142671 1 11 0.0170227 -1 
0.00423117 1 11 0.0170227 1 
0.00167257 1 4 0.133282 1 
-0.00246271 1 4 0.133282 -1 
0.00194241 1 4 0.26985 -1 
-0.00331241 1 4 0.26985 1 
-0.0012376 1 4 0.777512 -1 
0.00525009 1 4 0.777512 1 
-0.0015766 1 5 2.72266 1 
0.00247329 1 5 2.72266 -1 
0.00184214 1 14 0.512058 -1 
-0.00208316 1 14 0.512058 1 
0.00103297 1 14 0.357967 1 
-0.0090602 1 14 0.357967 -1 
-0.00152625 1 2 0.0601481 1 
0.00296352 1 2 0.0601481 -1 
0.00198611 1 1 5.5 1 
-0.00295197 1 1 5.5 -1 
-0.00165334 1 5 3.07431 -1 
0.00241378 1 5 3.07431 1 
-0.0013009 1 10 0.12132 1 
0.00479434 1 10 0.12132 -1 
-0.00188249 1 2 0.069627 -1 
0.00226104 1 2 0.069627 1 
0.00130412 1 3 0.0599187 -1 
-0.00252289 1 3 0.0599187 1 
-0.00150165 1 1 8.5 -1 
0.00267126 1 1 8.5 1 
0.000858824 1 5 0.425182 1 
-0.0121671 1 5 0.425182 -1 
-0.00181071 1 5 1.51 1 
0.00553033 1 5 1.51 -1 
0.00187813 1 14 0.743311 -1 
-0.00294579 1 14 0.743311 1 
-0.00111278 1 4 0.777512 -1 
0.00442282 1 4 0.777512 1 
0.00142201 1 4 0.191921 -1 
-0.00172365 1 4 0.191921 1 
0.00141686 1 4 0.124745 1 
-0.00255169 1 4 0.124745 -1 
0.000989814 1 11 0.00535687 1 
-0.00359669 1 11 0.00535687 -1 
-0.00146977 1 12 8.63466 1 
0.00266845 1 12 8.63466 -1 
0.00131011 1 12 7.36274 1 
-0.00373474 1 12 7.36274 -1 
0.00145475 1 6 0.228483 -1 
-0.00370265 1 6 0.228483 1 
-0.00132969 1 12 8.63466 1 
0.00247426 1 12 8.63466 -1 
0.00177232 1 1 6.5 1 
-0.00225837 1 1 6.5 -1 
0.000866666 1 2 0.193166 -1 
-0.0112768 1 2 0.193166 1 
-0.00169488 1 14 1.73462 -1 
0.00423504 1 14 1.73462 1 
-0.00103455 1 7 0.995694 -1 
0.00698305 1 7 0.995694 1 
-0.00126901 1 14 0.391014 1 
0.00435222 1 14 0.391014 -1 
0.000876753 1 5 5.90524 -1 
-0.015898 1 5 5.90524 1 
