200
-0.0014219 1 13 0.157332 -1 
0.000873819 1 13 0.157332 1 
-0.00123635 1 8 8.39257e-05 1 
0.00145808 1 8 8.39257e-05 -1 
0.000760473 1 9 0.17841 -1 
-0.0249952 1 9 0.17841 1 
0.00354689 1 6 0.264996 1 
-0.00358685 1 6 0.264996 -1 
0.00214083 1 9 0.129652 1 
-0.0036119 1 9 0.129652 -1 
0.000919223 1 8 0.00850683 -1 
-0.0250667 1 8 0.00850683 1 
-0.00146352 1 5 1.05838 1 
0.00166375 1 5 1.05838 -1 
-0.00118365 1 2 0.0841227 -1 
0.00538198 1 2 0.0841227 1 
-0.00228088 1 8 0.00848632 -1 
0.00792611 1 8 0.00848632 1 
0.00201561 1 2 0.0841227 1 
-0.00282265 1 2 0.0841227 -1 
0.000857036 1 14 1.79702 -1 
-0.00190686 1 14 1.79702 1 
0.000487349 1 6 0.370187 -1 
-0.0247937 1 6 0.370187 1 
-0.000929015 1 2 0.0841227 -1 
0.0124298 1 2 0.0841227 1 
-0.00597873 1 8 0.00846214 -1 
0.006888 1 8 0.00846214 1 
0.000476086 1 9 0.115827 1 
-0.024782 1 9 0.115827 -1 
0.000663528 1 8 0.00850683 -1 
-0.0249381 1 8 0.00850683 1 
-0.00118915 1 4 0.947578 1 
0.00119203 1 4 0.947578 -1 
-0.00112857 1 1 20.5 -1 
0.00375578 1 1 20.5 1 
-0.00156116 1 8 0.00848632 -1 
0.00973335 1 8 0.00848632 1 
0.00154314 1 1 20.5 1 
-0.00408614 1 1 20.5 -1 
0.00147387 1 9 0.166551 -1 
-0.00480611 1 9 0.166551 1 
-0.00145459 1 2 0.0841227 -1 
0.00170757 1 2 0.0841227 1 
-0.000574484 1 2 0.0292714 1 
0.00315196 1 2 0.0292714 -1 
0.000662304 1 11 0.00656007 1 
-0.00135472 1 11 0.00656007 -1 
0.000437191 1 5 0.948815 1 
-0.00209285 1 5 0.948815 -1 
-0.000937779 1 6 0.243684 -1 
0.00131755 1 6 0.243684 1 
-0.000648736 1 8 0.00848632 -1 
0.00288927 1 8 0.00848632 1 
0.000682033 1 7 0.634045 -1 
-0.000983613 1 7 0.634045 1 
0.000450392 1 2 0.110364 -1 
-0.0247537 1 2 0.110364 1 
-0.00136386 1 9 0.13866 -1 
0.00152967 1 9 0.13866 1 
-0.00141023 1 2 0.0841227 -1 
0.011562 1 2 0.0841227 1 
0.00381145 1 7 0.833684 1 
-0.00518034 1 7 0.833684 -1 
0.00155722 1 5 1.03821 -1 
-0.00171512 1 5 1.03821 1 
0.00103007 1 14 1.79702 -1 
-0.00189695 1 14 1.79702 1 
0.000607139 1 7 0.833776 -1 
-0.0248987 1 7 0.833776 1 
-0.000844164 1 2 0.0841227 -1 
0.00470524 1 2 0.0841227 1 
-0.00222509 1 7 0.833684 -1 
0.00997344 1 7 0.833684 1 
0.00216034 1 6 0.243684 1 
-0.0038742 1 6 0.243684 -1 
0.00107099 1 6 0.370187 -1 
-0.0251172 1 6 0.370187 1 
-0.00107099 1 3 0.0739911 -1 
0.0120231 1 3 0.0739911 1 
-0.00565767 1 7 0.833477 -1 
0.0069235 1 7 0.833477 1 
-0.000765268 1 6 0.243684 -1 
0.00111667 1 6 0.243684 1 
-0.000627348 1 8 0.00848632 -1 
0.00174235 1 8 0.00848632 1 
0.000438761 1 7 0.833776 -1 
-0.0247403 1 7 0.833776 1 
-0.00106012 1 2 0.0841227 -1 
0.00443707 1 2 0.0841227 1 
-0.00192211 1 7 0.833684 -1 
0.0101066 1 7 0.833684 1 
0.00189084 1 2 0.0841227 1 
-0.00409227 1 2 0.0841227 -1 
0.0012818 1 2 0.110364 -1 
-0.025168 1 2 0.110364 1 
-0.00128179 1 6 0.243684 -1 
0.0116812 1 6 0.243684 1 
-0.00533066 1 7 0.833684 -1 
0.0073685 1 7 0.833684 1 
-0.00109855 1 2 0.0841227 -1 
0.00149631 1 2 0.0841227 1 
0.000811173 1 9 0.139297 -1 
-0.000878911 1 9 0.139297 1 
0.000434874 1 9 0.138342 1 
-0.00103613 1 9 0.138342 -1 
0.000426019 1 7 0.833776 -1 
-0.0247249 1 7 0.833776 1 
-0.000799051 1 2 0.0841227 -1 
0.00409619 1 2 0.0841227 1 
-0.00197677 1 7 0.833684 -1 
0.0103734 1 7 0.833684 1 
0.00194745 1 2 0.0841227 1 
-0.00419834 1 2 0.0841227 -1 
0.00129925 1 2 0.110364 -1 
-0.0251714 1 2 0.110364 1 
-0.00129925 1 2 0.0841227 -1 
0.0119361 1 2 0.0841227 1 
-0.00544589 1 7 0.833684 -1 
0.00735951 1 7 0.833684 1 
-0.00103132 1 6 0.264996 -1 
0.00134214 1 6 0.264996 1 
0.000740299 1 9 0.139297 -1 
-0.000784373 1 9 0.139297 1 
0.000427361 1 9 0.138342 1 
-0.00104411 1 9 0.138342 -1 
0.0004572 1 7 0.833776 -1 
-0.0247614 1 7 0.833776 1 
-0.000801385 1 3 0.0739911 -1 
0.00402137 1 3 0.0739911 1 
-0.0019394 1 7 0.833684 -1 
0.0103644 1 7 0.833684 1 
0.00191218 1 2 0.0841227 1 
-0.00421251 1 2 0.0841227 -1 
0.00132219 1 3 0.0936853 -1 
-0.0251758 1 3 0.0936853 1 
-0.0013222 1 2 0.0841227 -1 
0.0119268 1 2 0.0841227 1 
-0.00542541 1 7 0.833684 -1 
0.00740592 1 7 0.833684 1 
-0.00105951 1 6 0.264996 -1 
0.00136035 1 6 0.264996 1 
0.000462122 1 7 0.833776 -1 
-0.0247669 1 7 0.833776 1 
0.000670509 1 3 0.0238689 1 
-0.0249427 1 3 0.0238689 -1 
-0.00125999 1 4 0.947578 1 
0.00148355 1 4 0.947578 -1 
0.000995488 1 9 0.13866 1 
-0.00152626 1 9 0.13866 -1 
-0.00105365 1 6 0.264996 -1 
0.00164303 1 6 0.264996 1 
-0.000726976 1 3 0.0240857 1 
0.0111714 1 3 0.0240857 -1 
0.000726975 1 2 0.0841227 1 
-0.00522267 1 2 0.0841227 -1 
0.00258859 1 2 0.110364 -1 
-0.0252791 1 2 0.110364 1 
-0.00258859 1 2 0.0841227 -1 
0.0113453 1 2 0.0841227 1 
-0.00439935 1 7 0.833684 -1 
0.0125459 1 7 0.833684 1 
0.00393814 1 6 0.264996 1 
-0.00407427 1 6 0.264996 -1 
0.000704687 1 9 0.158191 -1 
-0.00316826 1 9 0.158191 1 
-0.000536689 1 2 0.0841227 -1 
0.00133589 1 2 0.0841227 1 
-0.000955082 1 10 0.0903512 1 
0.00514778 1 10 0.0903512 -1 
0.000955076 1 6 0.264996 1 
-0.00213309 1 6 0.264996 -1 
0.00110576 1 5 0.955813 1 
-0.00216135 1 5 0.955813 -1 
0.000756721 1 2 0.0841227 1 
-0.000953837 1 2 0.0841227 -1 
0.000594419 1 6 0.370187 -1 
-0.024889 1 6 0.370187 1 
-0.00103493 1 5 1.03014 1 
0.00119027 1 5 1.03014 -1 
-0.000993197 1 2 0.0841227 -1 
0.0115956 1 2 0.0841227 1 
0.00462433 1 7 0.833684 1 
-0.00550592 1 7 0.833684 -1 
0.00108468 1 14 1.79702 -1 
-0.00204274 1 14 1.79702 1 
0.000458664 1 7 0.833776 -1 
-0.0247631 1 7 0.833776 1 
-0.00108223 1 5 1.03417 1 
0.00115889 1 5 1.03417 -1 
-0.000907727 1 3 0.0739911 -1 
0.0052025 1 3 0.0739911 1 
-0.00240841 1 7 0.833684 -1 
0.00930162 1 7 0.833684 1 
0.00226285 1 2 0.0841227 1 
-0.00344662 1 2 0.0841227 -1 
0.000934411 1 5 0.954472 1 
-0.00249997 1 5 0.954472 -1 
-0.000837918 1 2 0.0841227 -1 
0.000892142 1 2 0.0841227 1 
