200
-0.00802383 1 3 0.0493776 1 
0.0359228 1 3 0.0493776 -1 
0.0034607 1 9 0.0973423 -1 
-0.0177393 1 9 0.0973423 1 
-0.000737198 1 9 0.0973148 -1 
0.00644651 1 9 0.0973148 1 
0.00237995 1 14 2.7041 1 
-0.00350945 1 14 2.7041 -1 
0.00110774 1 14 2.70422 -1 
-0.0134853 1 14 2.70422 1 
-0.00110772 1 14 2.7041 -1 
0.00619191 1 14 2.7041 1 
-0.00303443 1 9 0.0973148 -1 
0.00368567 1 9 0.0973148 1 
0.00104007 1 4 0.823321 1 
-0.0370954 1 4 0.823321 -1 
-0.000836676 1 14 2.7041 -1 
0.00206635 1 14 2.7041 1 
-0.00141363 1 4 0.823322 1 
0.0180989 1 4 0.823322 -1 
0.00219534 1 12 19.5065 -1 
-0.00525424 1 12 19.5065 1 
0.0030378 1 5 1.09439 -1 
-0.00454003 1 5 1.09439 1 
-0.00156041 1 3 0.0531933 1 
0.0017089 1 3 0.0531933 -1 
-0.00103294 1 12 32.333 -1 
0.00460694 1 12 32.333 1 
0.00150065 1 6 0.186803 -1 
-0.00231008 1 6 0.186803 1 
0.00170931 1 9 0.0831311 1 
-0.00427479 1 9 0.0831311 -1 
0.0010244 1 5 1.09401 1 
-0.00201957 1 5 1.09401 -1 
0.00123247 1 2 0.0624085 -1 
-0.00127323 1 2 0.0624085 1 
-0.00108552 1 4 0.943972 1 
0.00191065 1 4 0.943972 -1 
-0.00101567 1 5 1.09525 1 
0.00115506 1 5 1.09525 -1 
-0.000905419 1 7 0.554167 1 
0.00231609 1 7 0.554167 -1 
0.00123402 1 6 0.186803 -1 
-0.00147037 1 6 0.186803 1 
0.000631059 1 4 0.961715 -1 
-0.00351968 1 4 0.961715 1 
-0.000832641 1 14 2.69357 1 
0.00135197 1 14 2.69357 -1 
-0.00101294 1 4 0.959129 -1 
0.00159729 1 4 0.959129 1 
-0.000628764 1 4 0.823322 1 
0.00278355 1 4 0.823322 -1 
0.0012225 1 3 0.0531933 -1 
-0.00169189 1 3 0.0531933 1 
-0.000643249 1 14 1.30823 1 
0.00153765 1 14 1.30823 -1 
-0.000722032 1 14 2.7041 -1 
0.00157499 1 14 2.7041 1 
-0.000471504 1 3 0.0493776 1 
0.0365049 1 3 0.0493776 -1 
0.000672402 1 11 0.00536972 1 
-0.018597 1 11 0.00536972 -1 
0.000668459 1 5 1.09401 1 
-0.00895802 1 5 1.09401 -1 
-0.000809771 1 4 0.823322 1 
0.00470055 1 4 0.823322 -1 
-0.00268996 1 11 0.00537307 1 
0.00939215 1 11 0.00537307 -1 
0.00266471 1 4 0.823322 -1 
-0.00339324 1 4 0.823322 1 
0.000961918 1 4 0.823321 1 
-0.0370454 1 4 0.823321 -1 
-0.000961916 1 4 0.823322 1 
0.0180417 1 4 0.823322 -1 
0.00531549 1 5 1.09439 -1 
-0.00908121 1 5 1.09439 1 
0.00203737 1 5 1.09401 1 
-0.00414034 1 5 1.09401 -1 
-0.0022826 1 11 0.00541137 1 
0.00346645 1 11 0.00541137 -1 
-0.00109315 1 4 0.823322 1 
0.00593643 1 4 0.823322 -1 
0.00138811 1 5 1.09439 -1 
-0.00255627 1 5 1.09439 1 
0.000985231 1 5 1.09401 1 
-0.00130107 1 5 1.09401 -1 
-0.00062262 1 3 0.0493776 1 
0.0367315 1 3 0.0493776 -1 
0.000594794 1 3 0.0531766 1 
-0.0180184 1 3 0.0531766 -1 
-0.00104078 1 3 0.0531933 1 
0.00911236 1 3 0.0531933 -1 
0.00183086 1 4 0.823322 -1 
-0.0043454 1 4 0.823322 1 
0.00195972 1 5 1.09401 1 
-0.0106658 1 5 1.09401 -1 
-0.00153089 1 4 0.823322 1 
0.00226236 1 4 0.823322 -1 
0.00102475 1 5 1.17162 -1 
-0.0128588 1 5 1.17162 1 
0.00124547 1 12 19.3593 1 
-0.00695751 1 12 19.3593 -1 
-0.00101881 1 3 0.0531933 1 
0.00261868 1 3 0.0531933 -1 
-0.00145671 1 5 1.17103 -1 
0.00517489 1 5 1.17103 1 
-0.00226149 1 5 1.09439 1 
0.00283626 1 5 1.09439 -1 
0.0009481 1 4 0.823321 1 
-0.0370358 1 4 0.823321 -1 
-0.000988809 1 4 0.823322 1 
0.0180713 1 4 0.823322 -1 
0.00309072 1 5 1.09439 -1 
-0.00658012 1 5 1.09439 1 
0.00174028 1 3 0.0531933 -1 
-0.0041909 1 3 0.0531933 1 
0.00140247 1 5 1.09401 1 
-0.00228553 1 5 1.09401 -1 
-0.00104255 1 12 20.3582 1 
0.00337035 1 12 20.3582 -1 
-0.00166539 1 14 2.69819 1 
0.00213991 1 14 2.69819 -1 
-0.00114188 1 5 1.09439 1 
0.00123859 1 5 1.09439 -1 
-0.00094951 1 12 26.882 -1 
0.00157324 1 12 26.882 1 
-0.000643875 1 12 19.3669 1 
0.00232022 1 12 19.3669 -1 
-0.000811271 1 6 0.168865 1 
0.0369292 1 6 0.168865 -1 
-0.00106744 1 4 0.823322 1 
0.00521177 1 4 0.823322 -1 
0.0017828 1 14 2.7041 1 
-0.00244232 1 14 2.7041 -1 
0.00103839 1 13 -0.11676 1 
-0.0161031 1 13 -0.11676 -1 
-0.000978125 1 13 -0.116505 1 
0.00749512 1 13 -0.116505 -1 
0.00302484 1 5 1.17103 1 
-0.00376577 1 5 1.17103 -1 
0.000956433 1 5 1.17106 -1 
-0.0163852 1 5 1.17106 1 
-0.000956433 1 5 1.17103 -1 
0.00771515 1 5 1.17103 1 
0.00376577 1 13 -0.116505 -1 
-0.00392946 1 13 -0.116505 1 
0.000913375 1 14 2.70422 -1 
-0.012591 1 14 2.70422 1 
0.000830261 1 3 0.0531766 1 
-0.00546624 1 3 0.0531766 -1 
0.00089325 1 8 0.000216956 1 
-0.00664898 1 8 0.000216956 -1 
-0.000829909 1 14 2.7041 -1 
0.0053362 1 14 2.7041 1 
-0.00255744 1 8 0.000217443 1 
0.0034274 1 8 0.000217443 -1 
-0.000943839 1 3 0.0531933 1 
0.00219851 1 3 0.0531933 -1 
-0.0014968 1 5 1.17103 -1 
0.00316563 1 5 1.17103 1 
-0.00121724 1 3 0.0531933 1 
0.00135642 1 3 0.0531933 -1 
-0.000700367 1 4 0.823322 1 
0.00178992 1 4 0.823322 -1 
-0.000832452 1 14 2.7041 -1 
0.00300992 1 14 2.7041 1 
-0.000613054 1 5 1.17103 -1 
0.00149685 1 5 1.17103 1 
-0.000745531 1 3 0.0493776 1 
0.0368482 1 3 0.0493776 -1 
0.000607836 1 9 0.0973423 -1 
-0.0185061 1 9 0.0973423 1 
-0.000817211 1 9 0.0973148 -1 
0.00917104 1 9 0.0973148 1 
0.00223214 1 12 19.3669 -1 
-0.00471313 1 12 19.3669 1 
0.0016266 1 12 19.3593 1 
-0.0174989 1 12 19.3593 -1 
-0.00162659 1 12 19.3669 1 
0.00793679 1 12 19.3669 -1 
-0.00344648 1 10 0.393999 -1 
0.00561895 1 10 0.393999 1 
-0.00134601 1 12 19.3669 1 
0.00244932 1 12 19.3669 -1 
-0.000906006 1 13 0.110417 -1 
0.00115617 1 13 0.110417 1 
0.000805186 1 14 1.30816 1 
-0.00564381 1 14 1.30816 -1 
0.000847345 1 8 0.000958691 -1 
-0.00235369 1 8 0.000958691 1 
0.000854677 1 2 0.0729234 -1 
-0.0369657 1 2 0.0729234 1 
-0.000884648 1 9 0.0973148 -1 
0.00411009 1 9 0.0973148 1 
-0.0021977 1 12 19.4165 1 
0.00240099 1 12 19.4165 -1 
0.000674764 1 12 19.3473 1 
-0.00790531 1 12 19.3473 -1 
-0.000999144 1 8 0.00090016 -1 
0.00121629 1 8 0.00090016 1 
