200
6.32228e-05 1 9 0.129106 -1 
-0.00449267 1 9 0.129106 1 
0.00117541 1 5 1.07525 1 
-0.00361915 1 5 1.07525 -1 
0.00107579 1 7 0.467023 1 
-0.00396347 1 7 0.467023 -1 
0.00101389 1 4 0.685009 1 
-0.035466 1 4 0.685009 -1 
0.00213023 1 3 0.0493776 1 
-0.0358003 1 3 0.0493776 -1 
-0.0022811 1 3 0.0803951 1 
0.00476065 1 3 0.0803951 -1 
-0.00154284 1 5 1.39866 -1 
0.00303054 1 5 1.39866 1 
-0.00104376 1 3 0.0739911 1 
0.0135259 1 3 0.0739911 -1 
0.00192183 1 9 0.155711 1 
-0.00668386 1 9 0.155711 -1 
0.00167704 1 12 33.4227 1 
-0.0026881 1 12 33.4227 -1 
0.00146414 1 3 0.0837275 -1 
-0.035659 1 3 0.0837275 1 
0.0020939 1 13 -0.0540632 -1 
-0.00363233 1 13 -0.0540632 1 
0.00134722 1 5 1.05972 1 
-0.00209773 1 5 1.05972 -1 
-0.00115379 1 8 9.11907e-05 -1 
0.00246324 1 8 9.11907e-05 1 
-0.000961415 1 3 0.083726 -1 
0.0145107 1 3 0.083726 1 
0.00156775 1 3 0.0803951 -1 
-0.00703073 1 3 0.0803951 1 
-0.000971629 1 5 1.05972 -1 
0.00241297 1 5 1.05972 1 
-0.00140757 1 6 0.332306 -1 
0.0198835 1 6 0.332306 1 
0.00185941 1 2 0.0841227 -1 
-0.00240841 1 2 0.0841227 1 
0.00136105 1 14 1.19179 1 
-0.00754733 1 14 1.19179 -1 
0.00134287 1 5 1.05972 1 
-0.00313368 1 5 1.05972 -1 
0.000710241 1 5 1.39878 -1 
-0.0352348 1 5 1.39878 1 
-0.00136136 1 13 -0.0645624 -1 
0.00188357 1 13 -0.0645624 1 
-0.000825182 1 7 0.565772 -1 
0.00153729 1 7 0.565772 1 
0.000755452 1 3 0.0493776 1 
-0.0352776 1 3 0.0493776 -1 
0.000779253 1 8 7.12408e-06 1 
-0.00221626 1 8 7.12408e-06 -1 
-0.00154295 1 5 1.05829 -1 
0.00157047 1 5 1.05829 1 
-0.00114986 1 11 0.0120727 -1 
0.00297041 1 11 0.0120727 1 
-0.000964621 1 12 28.6782 -1 
0.00275021 1 12 28.6782 1 
-0.00176011 1 2 0.0841227 1 
0.0132381 1 2 0.0841227 -1 
0.00155958 1 12 33.4254 1 
-0.00571904 1 12 33.4254 -1 
0.00132399 1 7 0.56318 -1 
-0.00241512 1 7 0.56318 1 
-0.00142482 1 10 0.471792 1 
0.00176109 1 10 0.471792 -1 
-0.000841361 1 5 0.92266 1 
0.00843634 1 5 0.92266 -1 
0.00157783 1 12 33.5734 -1 
-0.00414058 1 12 33.5734 1 
0.000705202 1 2 0.0981181 -1 
-0.0352298 1 2 0.0981181 1 
-0.00167803 1 4 0.930708 -1 
0.00513186 1 4 0.930708 1 
-0.00240238 1 6 0.315296 -1 
0.00583069 1 6 0.315296 1 
-0.00182296 1 2 0.0841227 1 
0.00188333 1 2 0.0841227 -1 
0.00106192 1 13 0.157332 -1 
-0.035493 1 13 0.157332 1 
-0.0012403 1 8 0.000397513 -1 
0.00287435 1 8 0.000397513 1 
-0.0010779 1 9 0.139645 1 
0.00158539 1 9 0.139645 -1 
-0.000818496 1 2 0.0973056 -1 
0.00289456 1 2 0.0973056 1 
-0.000920471 1 14 1.53528 -1 
0.00155002 1 14 1.53528 1 
-0.00076856 1 13 -0.05813 -1 
0.0021954 1 13 -0.05813 1 
0.0011824 1 12 33.5734 -1 
-0.00125465 1 12 33.5734 1 
-0.00109204 1 9 0.139645 1 
0.00132471 1 9 0.139645 -1 
0.00074053 1 2 0.0492105 1 
-0.0352639 1 2 0.0492105 -1 
-0.000836694 1 2 0.0841227 1 
0.0149932 1 2 0.0841227 -1 
0.00166043 1 6 0.315811 1 
-0.00744579 1 6 0.315811 -1 
0.00218897 1 4 0.681889 1 
-0.0358083 1 4 0.681889 -1 
-0.00148404 1 12 48.2191 -1 
0.00441418 1 12 48.2191 1 
-0.00153218 1 14 1.6776 -1 
0.0035891 1 14 1.6776 1 
-0.000845058 1 11 0.0159826 -1 
0.0058576 1 11 0.0159826 1 
0.00132371 1 10 0.471792 -1 
-0.00286001 1 10 0.471792 1 
-0.000758272 1 6 0.315811 -1 
0.00115717 1 6 0.315811 1 
-0.000888637 1 3 0.0739911 1 
0.00222585 1 3 0.0739911 -1 
0.000888638 1 6 0.315811 1 
-0.00101502 1 6 0.315811 -1 
0.000636355 1 3 0.0837275 -1 
-0.035156 1 3 0.0837275 1 
-0.000856069 1 4 0.947822 -1 
0.000994401 1 4 0.947822 1 
0.000651258 1 2 0.0981181 -1 
-0.0351729 1 2 0.0981181 1 
-0.00091774 1 6 0.309981 -1 
0.012037 1 6 0.309981 1 
0.00187933 1 5 1.09725 1 
-0.00195898 1 5 1.09725 -1 
0.00170097 1 14 1.18927 1 
-0.00493749 1 14 1.18927 -1 
-0.00183932 1 6 0.264996 1 
0.00195642 1 6 0.264996 -1 
-0.000953296 1 4 0.836714 1 
0.00375412 1 4 0.836714 -1 
-0.00179689 1 4 0.941734 -1 
0.00277023 1 4 0.941734 1 
-0.000623397 1 10 0.592597 -1 
0.0117014 1 10 0.592597 1 
0.00162223 1 7 0.565728 1 
-0.00206068 1 7 0.565728 -1 
0.00128886 1 5 1.05972 1 
-0.00460654 1 5 1.05972 -1 
0.00119102 1 7 0.467023 1 
-0.00244357 1 7 0.467023 -1 
0.000949202 1 3 0.0493776 1 
-0.0354262 1 3 0.0493776 -1 
-0.00201163 1 2 0.0841227 1 
0.0175948 1 2 0.0841227 -1 
0.00217463 1 2 0.0973192 1 
-0.00781594 1 2 0.0973192 -1 
0.0032589 1 7 0.565358 -1 
-0.00378157 1 7 0.565358 1 
-0.00175973 1 3 0.0803951 1 
0.00443225 1 3 0.0803951 -1 
-0.00176945 1 14 1.6762 -1 
0.00202883 1 14 1.6762 1 
0.000763028 1 8 7.12408e-06 1 
-0.00165794 1 8 7.12408e-06 -1 
-0.000879403 1 3 0.0803951 1 
0.00137466 1 3 0.0803951 -1 
0.00123691 1 8 7.99779e-06 -1 
-0.00133723 1 8 7.99779e-06 1 
0.000627295 1 8 7.12408e-06 1 
-0.00154636 1 8 7.12408e-06 -1 
-0.00051965 1 3 0.0739911 1 
0.00368402 1 3 0.0739911 -1 
0.00112201 1 9 0.155598 1 
-0.00220126 1 9 0.155598 -1 
-0.000912797 1 10 0.471792 1 
0.00100972 1 10 0.471792 -1 
-0.000761054 1 6 0.332306 -1 
0.00907794 1 6 0.332306 1 
0.000777064 1 9 0.155722 -1 
-0.00418172 1 9 0.155722 1 
-0.00141172 1 8 7.99779e-06 1 
0.00204213 1 8 7.99779e-06 -1 
-0.000603936 1 2 0.0841227 1 
0.00178959 1 2 0.0841227 -1 
0.00121908 1 9 0.155673 1 
-0.00122131 1 9 0.155673 -1 
0.00064081 1 8 7.12408e-06 1 
-0.00140114 1 8 7.12408e-06 -1 
-0.000632555 1 13 -0.0905906 1 
0.00307561 1 13 -0.0905906 -1 
-0.00081755 1 6 0.31495 -1 
0.00093022 1 6 0.31495 1 
0.000625662 1 3 0.0803951 -1 
-0.00093214 1 3 0.0803951 1 
-0.000647572 1 4 0.961715 -1 
0.000868167 1 4 0.961715 1 
0.000607658 1 13 -0.0640663 1 
-0.00115886 1 13 -0.0640663 -1 
0.0003483 1 3 0.0493776 1 
-0.0346758 1 3 0.0493776 -1 
-0.00083753 1 2 0.0841227 1 
0.0178346 1 2 0.0841227 -1 
0.000780822 1 9 0.155701 1 
-0.00845418 1 9 0.155701 -1 
0.00186586 1 8 7.05037e-06 1 
-0.00559838 1 8 7.05037e-06 -1 
0.00137923 1 3 0.0837275 -1 
-0.0356311 1 3 0.0837275 1 
